23800143401321
23800143399502
23800143401826
23800143401119
23800143397784
23800143412332
23800143413241
23800143398188
23800143402937
23800143399603
23800143263653
23800143264764
23800143263552
23800143262239
23800143261734
23800143260118
23800143261330
23800143259006
23800143257894
23800143258905
23800143301839
23800143306485
23800143284867
23800143313860
23800143314769
23800143328787
23800143329191
23800143327979
23800143326262
23800143323939
23800143292747
23800143294262
23800143293858
23800143293252
23800143290727
23800143278098
23800143299919
23800143288100
23800143297696
23800143300627
23800143291737
23800143287190
23800143289514
23800143287695
23800143288908
23800143300829
23800143300021
23800143302243
23800143291030
23800143284362
23800143421727
23800143415766
23800143421828
23800143424353
23800143418291
23800143416978
23800143416170
23800143423444
23800143392936
23800143397178
23800143462034
23800143460418
23800143458598
23800143462236
23800143461529
23800143429606
23800143309920
23800143431223
23800143429505
23800143429707
23800143420616
23800143419504
23800143421525
23800143420212
23800143423848
23800143398390
23800143392633
23800143395865
23800143393340
23800143395158
23800143450316
23800143451427
23800143444961
23800143451831
23800143454154
23800143450013
23800143437586
23800143435566
23800143436273
23800143434960
23800143458699
23800143456982
23800143453144
23800143459205
23800143458902
23800143454962
23800143458497
23800143430617
23800143426171
23800143431526
23800143407179
23800143084466
23800143405159
23800143408290
23800143406169
23800143403644
23800143072041
23800143402533
23800143405664
23800143409199
23800143488905
23800143489511
23800143490623
23800143488602
23800143478398
23800143491734
23800143490926
23800143493047
23800143481329
23800143484561
23800143465771
23800143484662
23800143476681
23800143481228
23800143479207
23800143487692
23800143476883
23800143480622
23800143486379
23800143484056
23800143372328
23800143378994
23800143381016
23800143373742
23800143365155
23800143384147
23800143013045
23800143383844
23800143387278
23800143382935
23800143412837
23800143412938
23800143404351
23800143411726
23800143414655
23800143410615
23800143409907
23800143403745
23800143399299
23800143404452
23800131168487
23800131171418
23800121335059
23800108344162
23800118043436
23800118545258
23800117510725
23800118161428
23800117702236
23800121428806
23800143466276
23800143472742
23800143469206
23800143471631
23800143470520
23800143261027
23800143453649
23800143428595
23800143449911
23800142881719
23800143501129
23800143472439
23800143473954
23800143472843
23800143475671
23800143490219
23800143505068
23800143503048
23800143478500
23800143504765
23800143497592
23800143498401
23800143501735
23800143498805
23800143495370
23800143499916
23800143499310
23800143500523
23800143485773
23800143477792
23800143450215
23800143449810
23800143449305
23800143448395
23800143450720
23800143447587
23800143447688
23800143445668
23800143437081
23800143431728
23800125499001
23800119416263
23800119443640
23800118471941
23800125073146
23800125509002
23800131212836
23800121668201
23800120883545
23800120827882
23800120457992
23800117268096
23800122503142
23800131260013
23800118903655
23800122824060
23800119438689
23800118504850
23800123316767
23800125253242
23800117274360
23800117933549
23800118147183
23800118249012
23800118655471
23800131145152
23800118382538
23800122498595
23800120000418
23800123792325
23800131019607
23800120115052
23800131160609
23800117485873
23800118273537
23800118259595
23800121617488
23800120177583
23800118349605
23800131158789
23800121509396
23800122208791
23800131066379
23800122603152
23800118654259
23800118303944
23800121087885
23800120367175
23800131186570
23800131188691
23800131266982
23800120748807
23800121608093
23800122765367
23800131267588
23800124057277
23800118795866
23800117004962
23800131251426
23800121369709
23800131270822
23800125013443
23800131278903
23800131279610
23800121131224
23800131284661
23800131287792
23800131287085
23800131284055
23800131284358
23800106099396
23800118451434
23800124724144
23800121565463
23800113111934
23800124846378
23800122547590
23800122139313
23800125010918
23800119854769
23800122367797
23800121906181
23800109295556
23800121603548
23800124901940
23800131250113
23800131261528
23800125194145
23800124198908
23800121330110
23800131272135
23800124989298
23800131277589
23800131274458
23800131275771
23800131282035
23800131280621
23800131279004
23800131277791
23800131277690
23800125537287
23800131205663
23800121295661
23800120362933
23800122147091
23800121309298
23800119818402
23800118119201
23800118749295
23800114061331
23800122705967
23800130782233
23800118528690
23800118010729
23800121140922
23800121353142
23800130502531
23800121678101
23800130486569
23800118067680
23800131228493
23800121161429
23800125167273
23800131221221
23800131222231
23800131224150
23800121859510
23800120729209
23800121102130
23800131219503
23800119283849
23800131214553
23800125539611
23800118909615
23800121796877
23800125168485
23800120578082
23800131211422
23800131209401
23800124155469
23800131202229
23800118398600
23800120591418
23800111865661
23800123273150
23800117451931
23800118581222
23800122197275
23800118926182
23800118033334
23800131270620
23800131273549
23800131271125
23800120989717
23800125700009
23800118698203
23800119148404
23800123760426
23800131273852
23800131274155
23800112981012
23800118143547
23800131075976
23800120555353
23800119898992
23800122232734
23800121500407
23800120018702
23800120323232
23800131132121
23800130289300
23800130506975
23800117485368
23800121121223
23800122792946
23800120652737
23800106337276
23800131127496
23800118962325
23800120042038
23800121792130
23800117147882
23800118752428
23800121413956
23800122237683
23800131155153
23800123081919
23800119415152
23800120227891
23800131134444
23800118109200
23800114534463
23800118710202
23800117239407
23800121829810
23800121783846
23800120710824
23800118471133
23800108660310
23800117898292
23800111470517
23800118368798
23800131167073
23800120381117
23800118104250
23800121721416
23800131132828
23800129755959
23800121590719
23800130676161
23800143454255
23800143451023
23800143456376
23800143452740
23800143455063
23800143452235
23800143455972
23800143456780
23800143433950
23800143433748
23800143375661
23800143373035
23800143374954
23800143378691
23800143377378
23800143384248
23800143376772
23800143383238
23800143378893
23800143380107
23800143466175
23800143465165
23800143462640
23800143464357
23800143466377
23800143463549
23800143466074
23800143461832
23800143463145
23800143457790
23800143495673
23800143499512
23800143477691
23800143480319
23800143496077
23800143493350
23800143495471
23800143476378
23800143480521
23800143475469
23800143455871
23800143487490
23800143492542
23800143490825
23800143482844
23800143494158
23800143493552
23800143496279
23800143477186
23800143473550
23800143470015
23800143466579
23800143470217
23800143468701
23800143470116
23800143468903
23800143467589
23800143153844
23800143462539
23800143427282
23800143388591
23800143387682
23800143362832
23800143389096
23800143364852
23800143383440
23800143389501
23800143389804
23800143392431
23800143344648
23800143443345
23800143442638
23800143444153
23800143445769
23800143443951
23800143442739
23800143447284
23800143446476
23800143446375
23800143444254
23800143372732
23800143374348
23800142327287
23800143375459
23800143371419
23800143370005
23800143352225
23800143358790
23800143357073
23800142838909
